[app/ui]
version = 6.2.3
modtime = 1463030171.202973000

[app/launcher]
version = 6.2.3
modtime = 1463030171.205344000
